Lon.n.5 <- c(35.241,125.735,-134.383,-23.623,-5.339,47.859,-66.663,-154.56,83.251,25.121)

