Lon.n.20 <- c(57.814,40.026,131.012,-145.304,-130.685,48.011,59.257,111.303,41.137,-61.05,
              159.666,-110.195,-87.961,-118.8,99.592,-102.281,159.827,-166.667,-2.171,-6.664)

Lon.n.5 <- c(116.43,-66.318,166.966,32.036,-118.238)
